TESTS/TEST_2D/topography_dem.asc
ncols     101
nrows    69
xllcorner -0.15
yllcorner -10.35
cellsize 0.3
NODATA_value -9999
[rows 44 to 65 of 69, columns 0 to 47 of 101]
11.270776974298 11.098704043393 10.926631112487 10.754558181582 10.582485250677 10.410412319771 10.238339388866 10.066266457961 9.894193527056 9.722120596150 9.550047665245 9.377974734340 9.205901803434 9.033828872529 8.861755941624 8.689683010718 8.517610079813 8.345537148908 8.173464218002 8.001391287097 7.829318356192 7.657245425286 7.485172494381 7.313099563476 7.141026632571 6.968953701665 6.796880770760 6.624807839855 6.452734908949 6.280661978044 6.108589047139 5.936516116233 5.764443185328 5.592370254423 5.420297323517 5.248224392612 5.076151461707 4.904078530801 4.732005599896 4.559932668991 4.387859738086 4.215786807180 4.043713876275 3.871640945370 3.699568014464 3.527495083559 3.355422152654 3.183349221748
11.270776974298 11.098704043393 10.926631112487 10.754558181582 10.582485250677 10.410412319771 10.238339388866 10.066266457961 9.894193527056 9.722120596150 9.550047665245 9.377974734340 9.205901803434 9.033828872529 8.861755941624 8.689683010718 8.517610079813 8.345537148908 8.173464218002 8.001391287097 7.829318356192 7.657245425286 7.485172494381 7.313099563476 7.141026632571 6.968953701665 6.796880770760 6.624807839855 6.452734908949 6.280661978044 6.108589047139 5.936516116233 5.764443185328 5.592370254423 5.420297323517 5.248224392612 5.076151461707 4.904078530801 4.732005599896 4.559932668991 4.387859738086 4.215786807180 4.043713876275 3.871640945370 3.699568014464 3.527495083559 3.355422152654 3.183349221748
11.270776974298 11.098704043393 10.926631112487 10.754558181582 10.582485250677 10.410412319771 10.238339388866 10.066266457961 9.894193527056 9.722120596150 9.550047665245 9.377974734340 9.205901803434 9.033828872529 8.861755941624 8.689683010718 8.517610079813 8.345537148908 8.173464218002 8.001391287097 7.829318356192 7.657245425286 7.485172494381 7.313099563476 7.141026632571 6.968953701665 6.796880770760 6.624807839855 6.452734908949 6.280661978044 6.108589047139 5.936516116233 5.764443185328 5.592370254423 5.420297323517 5.248224392612 5.076151461707 4.904078530801 4.732005599896 4.559932668991 4.387859738086 4.215786807180 4.043713876275 3.871640945370 3.699568014464 3.527495083559 3.355422152654 3.183349221748
11.270776974298 11.098704043393 10.926631112487 10.754558181582 10.582485250677 10.410412319771 10.238339388866 10.066266457961 9.894193527056 9.722120596150 9.550047665245 9.377974734340 9.205901803434 9.033828872529 8.861755941624 8.689683010718 8.517610079813 8.345537148908 8.173464218002 8.001391287097 7.829318356192 7.657245425286 7.485172494381 7.313099563476 7.141026632571 6.968953701665 6.796880770760 6.624807839855 6.452734908949 6.280661978044 6.108589047139 5.936516116233 5.764443185328 5.592370254423 5.420297323517 5.248224392612 5.076151461707 4.904078530801 4.732005599896 4.559932668991 4.387859738086 4.215786807180 4.043713876275 3.871640945370 3.699568014464 3.527495083559 3.355422152654 3.183349221748
11.270776974298 11.098704043393 10.926631112487 10.754558181582 10.582485250677 10.410412319771 10.238339388866 10.066266457961 9.894193527056 9.722120596150 9.550047665245 9.377974734340 9.205901803434 9.033828872529 8.861755941624 8.689683010718 8.517610079813 8.345537148908 8.173464218002 8.001391287097 7.829318356192 7.657245425286 7.485172494381 7.313099563476 7.141026632571 6.968953701665 6.796880770760 6.624807839855 6.452734908949 6.280661978044 6.108589047139 5.936516116233 5.764443185328 5.592370254423 5.420297323517 5.248224392612 5.076151461707 4.904078530801 4.732005599896 4.559932668991 4.387859738086 4.215786807180 4.043713876275 3.871640945370 3.699568014464 3.527495083559 3.355422152654 3.183349221748
11.270776974298 11.098704043393 10.926631112487 10.754558181582 10.582485250677 10.410412319771 10.238339388866 10.066266457961 9.894193527056 9.722120596150 9.550047665245 9.377974734340 9.205901803434 9.033828872529 8.861755941624 8.689683010718 8.517610079813 8.345537148908 8.173464218002 8.001391287097 7.829318356192 7.657245425286 7.485172494381 7.313099563476 7.141026632571 6.968953701665 6.796880770760 6.624807839855 6.452734908949 6.280661978044 6.108589047139 5.936516116233 5.764443185328 5.592370254423 5.420297323517 5.248224392612 5.076151461707 4.904078530801 4.732005599896 4.559932668991 4.387859738086 4.215786807180 4.043713876275 3.871640945370 3.699568014464 3.527495083559 3.355422152654 3.183349221748
11.270776974298 11.098704043393 10.926631112487 10.754558181582 10.582485250677 10.410412319771 10.238339388866 10.066266457961 9.894193527056 9.722120596150 9.550047665245 9.377974734340 9.205901803434 9.033828872529 8.861755941624 8.689683010718 8.517610079813 8.345537148908 8.173464218002 8.001391287097 7.829318356192 7.657245425286 7.485172494381 7.313099563476 7.141026632571 6.968953701665 6.796880770760 6.624807839855 6.452734908949 6.280661978044 6.108589047139 5.936516116233 5.764443185328 5.592370254423 5.420297323517 5.248224392612 5.076151461707 4.904078530801 4.732005599896 4.559932668991 4.387859738086 4.215786807180 4.043713876275 3.871640945370 3.699568014464 3.527495083559 3.355422152654 3.183349221748
11.270776974298 11.098704043393 10.926631112487 10.754558181582 10.582485250677 10.410412319771 10.238339388866 10.066266457961 9.894193527056 9.722120596150 9.550047665245 9.377974734340 9.205901803434 9.033828872529 8.861755941624 8.689683010718 8.517610079813 8.345537148908 8.173464218002 8.001391287097 7.829318356192 7.657245425286 7.485172494381 7.313099563476 7.141026632571 6.968953701665 6.796880770760 6.624807839855 6.452734908949 6.280661978044 6.108589047139 5.936516116233 5.764443185328 5.592370254423 5.420297323517 5.248224392612 5.076151461707 4.904078530801 4.732005599896 4.559932668991 4.387859738086 4.215786807180 4.043713876275 3.871640945370 3.699568014464 3.527495083559 3.355422152654 3.183349221748
11.270776974298 11.098704043393 10.926631112487 10.754558181582 10.582485250677 10.410412319771 10.238339388866 10.066266457961 9.894193527056 9.722120596150 9.550047665245 9.377974734340 9.205901803434 9.033828872529 8.861755941624 8.689683010718 8.517610079813 8.345537148908 8.173464218002 8.001391287097 7.829318356192 7.657245425286 7.485172494381 7.313099563476 7.141026632571 6.968953701665 6.796880770760 6.624807839855 6.452734908949 6.280661978044 6.108589047139 5.936516116233 5.764443185328 5.592370254423 5.420297323517 5.248224392612 5.076151461707 4.904078530801 4.732005599896 4.559932668991 4.387859738086 4.215786807180 4.043713876275 3.871640945370 3.699568014464 3.527495083559 3.355422152654 3.183349221748
11.270776974298 11.098704043393 10.926631112487 10.754558181582 10.582485250677 10.410412319771 10.238339388866 10.066266457961 9.894193527056 9.722120596150 9.550047665245 9.377974734340 9.205901803434 9.033828872529 8.861755941624 8.689683010718 8.517610079813 8.345537148908 8.173464218002 8.001391287097 7.829318356192 7.657245425286 7.485172494381 7.313099563476 7.141026632571 6.968953701665 6.796880770760 6.624807839855 6.452734908949 6.280661978044 6.108589047139 5.936516116233 5.764443185328 5.592370254423 5.420297323517 5.248224392612 5.076151461707 4.904078530801 4.732005599896 4.559932668991 4.387859738086 4.215786807180 4.043713876275 3.871640945370 3.699568014464 3.527495083559 3.355422152654 3.183349221748
11.270776974298 11.098704043393 10.926631112487 10.754558181582 10.582485250677 10.410412319771 10.238339388866 10.066266457961 9.894193527056 9.722120596150 9.550047665245 9.377974734340 9.205901803434 9.033828872529 8.861755941624 8.689683010718 8.517610079813 8.345537148908 8.173464218002 8.001391287097 7.829318356192 7.657245425286 7.485172494381 7.313099563476 7.141026632571 6.968953701665 6.796880770760 6.624807839855 6.452734908949 6.280661978044 6.108589047139 5.936516116233 5.764443185328 5.592370254423 5.420297323517 5.248224392612 5.076151461707 4.904078530801 4.732005599896 4.559932668991 4.387859738086 4.215786807180 4.043713876275 3.871640945370 3.699568014464 3.527495083559 3.355422152654 3.183349221748
11.270776974298 11.098704043393 10.926631112487 10.754558181582 10.582485250677 10.410412319771 10.238339388866 10.066266457961 9.894193527056 9.722120596150 9.550047665245 9.377974734340 9.205901803434 9.033828872529 8.861755941624 8.689683010718 8.517610079813 8.345537148908 8.173464218002 8.001391287097 7.829318356192 7.657245425286 7.485172494381 7.313099563476 7.141026632571 6.968953701665 6.796880770760 6.624807839855 6.452734908949 6.280661978044 6.108589047139 5.936516116233 5.764443185328 5.592370254423 5.420297323517 5.248224392612 5.076151461707 4.904078530801 4.732005599896 4.559932668991 4.387859738086 4.215786807180 4.043713876275 3.871640945370 3.699568014464 3.527495083559 3.355422152654 3.183349221748
11.270776974298 11.098704043393 10.926631112487 10.754558181582 10.582485250677 10.410412319771 10.238339388866 10.066266457961 9.894193527056 9.722120596150 9.550047665245 9.377974734340 9.205901803434 9.033828872529 8.861755941624 8.689683010718 8.517610079813 8.345537148908 8.173464218002 8.001391287097 7.829318356192 7.657245425286 7.485172494381 7.313099563476 7.141026632571 6.968953701665 6.796880770760 6.624807839855 6.452734908949 6.280661978044 6.108589047139 5.936516116233 5.764443185328 5.592370254423 5.420297323517 5.248224392612 5.076151461707 4.904078530801 4.732005599896 4.559932668991 4.387859738086 4.215786807180 4.043713876275 3.871640945370 3.699568014464 3.527495083559 3.355422152654 3.183349221748
11.270776974298 11.098704043393 10.926631112487 10.754558181582 10.582485250677 10.410412319771 10.238339388866 10.066266457961 9.894193527056 9.722120596150 9.550047665245 9.377974734340 9.205901803434 9.033828872529 8.861755941624 8.689683010718 8.517610079813 8.345537148908 8.173464218002 8.001391287097 7.829318356192 7.657245425286 7.485172494381 7.313099563476 7.141026632571 6.968953701665 6.796880770760 6.624807839855 6.452734908949 6.280661978044 6.108589047139 5.936516116233 5.764443185328 5.592370254423 5.420297323517 5.248224392612 5.076151461707 4.904078530801 4.732005599896 4.559932668991 4.387859738086 4.215786807180 4.043713876275 3.871640945370 3.699568014464 3.527495083559 3.355422152654 3.183349221748
11.270776974298 11.098704043393 10.926631112487 10.754558181582 10.582485250677 10.410412319771 10.238339388866 10.066266457961 9.894193527056 9.722120596150 9.550047665245 9.377974734340 9.205901803434 9.033828872529 8.861755941624 8.689683010718 8.517610079813 8.345537148908 8.173464218002 8.001391287097 7.829318356192 7.657245425286 7.485172494381 7.313099563476 7.141026632571 6.968953701665 6.796880770760 6.624807839855 6.452734908949 6.280661978044 6.108589047139 5.936516116233 5.764443185328 5.592370254423 5.420297323517 5.248224392612 5.076151461707 4.904078530801 4.732005599896 4.559932668991 4.387859738086 4.215786807180 4.043713876275 3.871640945370 3.699568014464 3.527495083559 3.355422152654 3.183349221748
11.270776974298 11.098704043393 10.926631112487 10.754558181582 10.582485250677 10.410412319771 10.238339388866 10.066266457961 9.894193527056 9.722120596150 9.550047665245 9.377974734340 9.205901803434 9.033828872529 8.861755941624 8.689683010718 8.517610079813 8.345537148908 8.173464218002 8.001391287097 7.829318356192 7.657245425286 7.485172494381 7.313099563476 7.141026632571 6.968953701665 6.796880770760 6.624807839855 6.452734908949 6.280661978044 6.108589047139 5.936516116233 5.764443185328 5.592370254423 5.420297323517 5.248224392612 5.076151461707 4.904078530801 4.732005599896 4.559932668991 4.387859738086 4.215786807180 4.043713876275 3.871640945370 3.699568014464 3.527495083559 3.355422152654 3.183349221748
11.270776974298 11.098704043393 10.926631112487 10.754558181582 10.582485250677 10.410412319771 10.238339388866 10.066266457961 9.894193527056 9.722120596150 9.550047665245 9.377974734340 9.205901803434 9.033828872529 8.861755941624 8.689683010718 8.517610079813 8.345537148908 8.173464218002 8.001391287097 7.829318356192 7.657245425286 7.485172494381 7.313099563476 7.141026632571 6.968953701665 6.796880770760 6.624807839855 6.452734908949 6.280661978044 6.108589047139 5.936516116233 5.764443185328 5.592370254423 5.420297323517 5.248224392612 5.076151461707 4.904078530801 4.732005599896 4.559932668991 4.387859738086 4.215786807180 4.043713876275 3.871640945370 3.699568014464 3.527495083559 3.355422152654 3.183349221748
11.270776974298 11.098704043393 10.926631112487 10.754558181582 10.582485250677 10.410412319771 10.238339388866 10.066266457961 9.894193527056 9.722120596150 9.550047665245 9.377974734340 9.205901803434 9.033828872529 8.861755941624 8.689683010718 8.517610079813 8.345537148908 8.173464218002 8.001391287097 7.829318356192 7.657245425286 7.485172494381 7.313099563476 7.141026632571 6.968953701665 6.796880770760 6.624807839855 6.452734908949 6.280661978044 6.108589047139 5.936516116233 5.764443185328 5.592370254423 5.420297323517 5.248224392612 5.076151461707 4.904078530801 4.732005599896 4.559932668991 4.387859738086 4.215786807180 4.043713876275 3.871640945370 3.699568014464 3.527495083559 3.355422152654 3.183349221748
11.270776974298 11.098704043393 10.926631112487 10.754558181582 10.582485250677 10.410412319771 10.238339388866 10.066266457961 9.894193527056 9.722120596150 9.550047665245 9.377974734340 9.205901803434 9.033828872529 8.861755941624 8.689683010718 8.517610079813 8.345537148908 8.173464218002 8.001391287097 7.829318356192 7.657245425286 7.485172494381 7.313099563476 7.141026632571 6.968953701665 6.796880770760 6.624807839855 6.452734908949 6.280661978044 6.108589047139 5.936516116233 5.764443185328 5.592370254423 5.420297323517 5.248224392612 5.076151461707 4.904078530801 4.732005599896 4.559932668991 4.387859738086 4.215786807180 4.043713876275 3.871640945370 3.699568014464 3.527495083559 3.355422152654 3.183349221748
11.270776974298 11.098704043393 10.926631112487 10.754558181582 10.582485250677 10.410412319771 10.238339388866 10.066266457961 9.894193527056 9.722120596150 9.550047665245 9.377974734340 9.205901803434 9.033828872529 8.861755941624 8.689683010718 8.517610079813 8.345537148908 8.173464218002 8.001391287097 7.829318356192 7.657245425286 7.485172494381 7.313099563476 7.141026632571 6.968953701665 6.796880770760 6.624807839855 6.452734908949 6.280661978044 6.108589047139 5.936516116233 5.764443185328 5.592370254423 5.420297323517 5.248224392612 5.076151461707 4.904078530801 4.732005599896 4.559932668991 4.387859738086 4.215786807180 4.043713876275 3.871640945370 3.699568014464 3.527495083559 3.355422152654 3.183349221748
11.270776974298 11.098704043393 10.926631112487 10.754558181582 10.582485250677 10.410412319771 10.238339388866 10.066266457961 9.894193527056 9.722120596150 9.550047665245 9.377974734340 9.205901803434 9.033828872529 8.861755941624 8.689683010718 8.517610079813 8.345537148908 8.173464218002 8.001391287097 7.829318356192 7.657245425286 7.485172494381 7.313099563476 7.141026632571 6.968953701665 6.796880770760 6.624807839855 6.452734908949 6.280661978044 6.108589047139 5.936516116233 5.764443185328 5.592370254423 5.420297323517 5.248224392612 5.076151461707 4.904078530801 4.732005599896 4.559932668991 4.387859738086 4.215786807180 4.043713876275 3.871640945370 3.699568014464 3.527495083559 3.355422152654 3.183349221748
11.270776974298 11.098704043393 10.926631112487 10.754558181582 10.582485250677 10.410412319771 10.238339388866 10.066266457961 9.894193527056 9.722120596150 9.550047665245 9.377974734340 9.205901803434 9.033828872529 8.861755941624 8.689683010718 8.517610079813 8.345537148908 8.173464218002 8.001391287097 7.829318356192 7.657245425286 7.485172494381 7.313099563476 7.141026632571 6.968953701665 6.796880770760 6.624807839855 6.452734908949 6.280661978044 6.108589047139 5.936516116233 5.764443185328 5.592370254423 5.420297323517 5.248224392612 5.076151461707 4.904078530801 4.732005599896 4.559932668991 4.387859738086 4.215786807180 4.043713876275 3.871640945370 3.699568014464 3.527495083559 3.355422152654 3.183349221748
